lat,-91.604164,-91.5625,-91.520836,-91.479164,-91.4375,-91.395836,-91.354164,-91.3125,-91.270836,-91.229164,-91.1875,-91.145836,-91.104164,-91.0625,-91.020836,-90.979164,-90.9375,-90.895836,-90.854164,-90.8125,-90.770836,-90.729164,-90.6875,-90.645836,-90.604164,-90.5625,-90.520836,-90.479164,-90.4375,-90.395836,-90.354164,-90.3125,-90.270836,-90.229164,-90.1875,-90.145836,-90.104164,-90.0625,-90.020836,-89.979164,-89.9375,-89.895836,-89.854164,-89.8125,-89.770836,-89.729164,-89.6875,-89.645836,-89.604164,-89.5625,-89.520836,-89.479164,-89.4375,-89.395836,-89.354164,-89.3125,-89.270836,-89.229164,-89.1875,-89.145836,-89.104164,-89.0625,-89.020836,-88.979164,-88.9375,-88.895836,-88.854164,-88.8125,-88.770836,-88.729164,-88.6875,-88.645836,-88.604164,-88.5625,-88.520836,-88.479164,-88.4375,-88.395836,-88.354164,-88.3125,-88.270836,-88.229164,-88.1875,-88.145836,-88.104164
30.187532,,,,,,,,,,,,,,,,,,,,,,,,,,,,,,,,,,,,,,,,,,,,,,,,,,,32.51,,,,,,,,,,,,,,,,,,,,,,,,,,,,,,,,,,
30.2292,,,,,,,,,,,,,,,,,,,,,,,,,,,,,,,,,,,,,,,,,,,,,,,,,32.82,32.71,32.6,32.68,32.47,,,,,,,,,,,,,,,,,,,,,,,,,,,,,,,,
30.270866,,,,,,,,,,,,,,,,,,,,,,,,,,,,,,,,,,,,,,,,,,,,,,,,,33.09,32.98,32.96,32.85,32.43,32.42,,,,,,,,,,,,,,,,,,,,,,,,,,,,,,,
30.312532,,,,,,,,,,,,,,,,,,,,,,,,,,,,,,,,,,,,,,,,,,,,,,,,,33.19,33.17,33.15,33.03,32.81,32.6,32.47,,,,,,,,,,,,,,,,,,,,,,,,,,,,,,
30.3542,,,,,,,,,,,,,,,,,,,,,,,,,,,,,,,,,,,,,,,,,,,,,,,,33.43,33.39,33.36,33.23,33.11,32.88,32.45,,,32.41,32.49,32.41,32.38,,,,,,,,,,32.26,32.26,,,32.26,32.25,32.36,,,,,,,,,
30.395866,,,,,,,,,,,,,,,,,,,,,,,,,,,,,,,,,,,,,,,,,,,,,,,,33.52,33.47,33.34,33.21,33.07,32.94,32.72,32.41,32.5,32.58,32.66,32.75,32.64,32.43,32.33,32.33,32.33,32.33,32.33,,,32.33,32.64,32.54,32.44,32.24,32.34,32.64,32.64,32.25,,,,,,,,
30.437532,,,,,,,,,,,,,,,,,,,,,,,,,,,,,,,,,,,,,,,,,,,,,,,33.63,33.48,33.44,33.4,33.25,33.12,32.99,32.88,32.87,32.85,32.84,32.92,33.01,32.86,32.86,32.8,32.7,32.6,32.6,32.3,32.31,32.31,32.71,32.91,32.93,32.82,32.72,32.82,32.92,32.92,32.63,,,,,,,,
30.4792,,,,,,,,,,,,,,,,,,,,,,,,,,,,,,,,,,,,,,,,,,,,,,,33.57,33.53,33.38,33.33,33.3,33.16,33.04,33.02,33.01,33.0,33.09,33.08,33.13,33.02,33.03,33.03,32.94,32.97,32.97,32.78,32.59,32.69,32.89,33.1,33.1,33.11,33.0,33.09,33.09,33.1,33.01,,,,,,,,
30.520866,,,,,,,,,,,,,,,,,,,,,,,,,,,,,,,,,,,,,,,,,,,,,,33.65,33.5,33.46,33.4,33.26,33.22,33.19,33.17,33.06,33.05,33.15,33.14,33.13,33.17,33.18,33.19,33.2,33.11,33.1,33.04,33.06,32.96,32.97,33.07,33.18,33.29,33.3,33.3,33.28,33.29,33.19,33.2,,,,,,,,
30.562532,,,,,,,,,,,,,,,,,,,,,,,,,,,,,,,,,,,,,,,,,,,,,33.71,33.56,33.5,33.35,33.31,33.16,33.13,33.2,33.09,33.08,33.08,33.18,33.17,33.12,33.22,33.24,33.25,33.17,33.18,33.17,33.18,33.23,33.14,33.15,33.25,33.27,33.38,33.38,33.39,33.39,33.38,33.39,33.3,,,,,,,,
30.6042,,,,,,,,,,,,,,,,,,,,,,,,,,,,,,,,,,,,,,,,,,,,,33.61,33.45,33.4,33.25,33.2,33.16,33.12,33.1,33.09,33.1,33.2,33.1,33.2,33.24,33.26,33.29,33.31,33.22,33.23,33.24,33.24,33.3,33.31,33.32,33.34,33.35,33.37,33.48,33.48,33.49,33.48,33.39,33.4,,,,,,,,
30.645866,,,,,,,,,,,,,,,,,,,,,,,,,,,,,,,,,,,,,,,,,,,,33.66,33.5,33.34,33.28,33.13,33.08,33.14,33.01,33.0,32.99,33.1,33.12,33.12,33.08,33.18,33.21,33.24,33.25,33.27,33.29,33.29,33.33,33.35,33.38,33.4,33.32,33.44,33.46,33.57,33.57,33.58,33.58,33.49,33.5,,,,,,,,
30.687532,,,,,,,,,,,,,,,,,,,,,,,,,,,,,,,,,,,,,,,,,,,,33.56,33.3,33.23,33.17,33.12,33.07,33.03,33.0,32.89,32.99,33.01,33.13,33.03,33.09,33.11,33.14,33.16,33.2,33.24,33.35,33.25,33.26,33.31,33.46,33.48,33.5,33.53,33.55,33.66,33.67,33.68,33.58,33.58,33.59,,,,,,,,
30.7292,,,,,,,,,,,,,,,,,,,,,,,,,,,,,,,,,,,,,,,,,,,,33.47,33.3,33.23,33.16,33.1,32.95,32.91,32.88,32.77,32.88,32.9,33.02,32.9,33.01,33.03,33.08,33.12,33.17,33.3,33.31,33.31,33.32,33.38,33.43,33.56,33.59,33.62,33.64,33.75,33.67,33.67,33.57,33.55,33.56,,,,,,,,
30.770866,,,,,,,,,,,,,,,,,,,,,,,,,,,,,,,,,,,,,,,,,,,,33.4,33.32,33.14,33.06,33.0,32.84,32.78,32.75,32.65,32.76,32.86,32.88,32.81,32.83,32.98,33.03,33.17,33.23,33.36,33.37,33.38,33.39,33.45,33.49,33.55,33.68,33.71,33.73,33.75,33.65,33.65,33.54,33.62,33.52,,,,,,,,
30.812532,,,,,,,,,,,,,,,,,,,,,,,,,,,,,,,,,,,,,,,,,,,,,33.25,33.05,32.96,32.88,32.81,32.65,32.49,32.59,32.72,32.75,32.79,32.74,32.87,32.92,33.06,33.21,33.25,33.31,33.33,33.34,33.35,33.42,33.46,33.63,33.68,33.7,33.71,33.62,33.62,33.62,33.51,33.6,33.49,,,,,,,,
30.8542,,,,,,,,,,,,,,,,,,,,,,,,,,,,,,,,,,,,,,,,,,,,,33.29,33.1,32.9,32.77,32.7,32.5,32.47,32.59,32.53,32.58,32.63,32.77,32.89,32.94,32.99,33.04,33.09,33.13,33.17,33.3,33.42,33.49,33.54,33.59,33.65,33.78,33.7,33.6,33.6,33.49,33.48,33.56,33.54,,,,,,,,
30.895866,,,,,,,,,,,,,,,,,,,,,,,,,,,,,,,,,,,,,,,,,,,,,,33.02,32.83,32.73,32.65,32.47,32.44,32.56,32.49,32.44,32.6,32.82,32.93,32.86,32.92,32.87,33.02,32.94,32.99,33.14,33.37,33.37,33.42,33.46,33.73,33.76,33.67,33.57,33.47,33.46,33.44,33.43,33.52,,,,,,,,
30.937532,,,,,,,,,,,,,,,,,,,,,,,,,,,,,,,,,,,,,,,,,,,,,,33.1,32.91,32.81,32.63,32.48,32.44,32.45,32.48,32.63,32.76,32.77,32.88,32.79,32.85,32.9,32.85,32.9,33.05,33.26,33.23,33.32,33.47,33.52,33.7,33.73,33.63,33.63,33.52,33.42,33.41,33.38,33.47,,,,,,,,
30.9792,,,,,,,,,,,,,,,,,,,,,,,,,,,,,,,,,,,,,,,,,,,,,,33.09,32.89,32.81,32.63,32.48,32.46,32.47,32.59,32.47,32.74,32.74,32.74,32.75,32.88,32.94,32.91,33.06,33.11,33.25,33.19,33.28,33.44,33.49,33.73,33.78,33.69,33.59,33.49,33.36,33.37,33.44,33.41,,,,,,,,
31.020866,,34.14,33.83,33.72,33.72,33.81,33.8,33.8,33.79,33.78,33.78,33.67,33.67,33.66,33.66,33.65,33.75,33.74,33.84,33.84,33.63,33.63,33.62,33.62,33.52,33.71,33.7,33.69,33.67,33.65,33.63,33.6,33.48,33.55,33.61,33.44,33.32,33.29,33.24,33.18,33.13,33.08,33.12,33.23,33.26,33.17,32.89,32.82,32.64,32.51,32.49,32.46,32.44,32.44,32.56,32.58,32.71,32.71,33.04,32.87,32.88,33.03,33.15,33.1,33.2,33.25,33.4,33.54,33.68,33.73,33.74,33.75,33.56,33.34,33.23,33.29,33.35,,,,,,,,
31.062532,,34.15,33.74,33.63,33.72,33.71,33.7,33.7,33.69,33.68,33.67,33.67,33.56,33.56,33.55,33.65,33.64,33.64,33.74,33.63,33.73,33.62,33.62,33.62,33.51,33.61,33.6,33.58,33.67,33.64,33.62,33.49,33.46,33.63,33.6,33.43,33.3,33.27,33.22,33.17,33.11,33.05,33.17,33.31,33.24,33.07,32.9,32.82,32.66,32.52,32.51,32.46,32.44,32.42,32.53,32.55,32.68,32.72,32.89,32.89,32.94,32.93,33.09,33.1,33.16,33.21,33.36,33.6,33.63,33.56,33.58,33.73,33.72,33.49,33.35,33.22,33.19,,,,,,,,
31.1042,,34.15,33.95,33.84,33.72,33.62,33.61,33.6,33.69,33.68,33.67,33.67,33.56,33.56,33.55,33.64,33.54,33.54,33.63,33.53,33.53,33.62,33.52,33.52,33.61,33.61,33.6,33.69,33.56,33.54,33.51,33.48,33.55,33.62,33.39,33.42,33.39,33.25,33.2,33.15,33.1,33.14,33.19,33.28,33.23,33.06,32.9,32.74,32.68,32.54,32.52,32.5,32.43,32.42,32.51,32.63,32.66,32.59,32.74,32.77,32.83,32.89,32.99,33.06,33.12,33.27,33.41,33.55,33.59,33.52,33.55,33.54,33.56,33.63,33.36,33.15,33.12,,,,,,,,
31.145866,34.17,34.16,34.15,33.94,33.93,33.82,33.71,33.8,33.79,33.78,33.87,33.67,33.56,33.45,33.54,33.54,33.53,33.53,33.63,33.53,33.52,33.52,33.52,33.52,33.51,33.51,33.6,33.59,33.56,33.43,33.5,33.48,33.65,33.41,33.38,33.34,33.28,33.24,33.19,33.25,33.19,33.24,33.29,33.3,33.24,33.16,32.99,32.95,32.79,32.74,32.6,32.47,32.45,32.41,32.5,32.61,32.53,32.57,32.63,32.81,32.85,32.81,32.97,33.03,33.18,33.32,33.47,33.5,33.44,33.47,33.47,33.46,33.34,33.45,33.51,33.19,33.06,,,,,,,,
31.187532,,34.18,34.16,34.15,34.03,34.02,34.01,33.89,33.89,33.88,33.87,33.66,33.55,33.45,33.44,33.53,33.53,33.53,33.53,33.52,33.42,33.52,33.52,33.51,33.51,33.51,33.5,33.5,33.46,33.43,33.5,33.57,33.54,33.31,33.27,33.34,33.36,33.33,33.29,33.24,33.09,33.14,33.4,33.31,33.24,33.13,32.92,32.88,32.81,32.65,32.48,32.44,32.52,32.6,32.5,32.4,32.5,32.49,32.71,32.75,32.89,33.01,33.04,33.2,33.34,33.37,33.32,33.35,33.38,33.29,33.29,33.38,33.26,33.34,33.45,33.22,32.94,,,,,,,,
31.2292,34.2,34.19,34.18,34.16,34.15,34.13,34.01,34.0,33.98,33.87,33.76,33.56,33.55,33.54,33.44,33.53,33.43,33.43,33.52,33.42,33.42,33.42,33.51,33.51,33.51,33.51,33.5,33.49,33.46,33.43,33.5,33.57,33.44,33.31,33.37,33.33,33.4,33.33,33.18,33.14,33.19,33.24,33.4,33.31,33.24,33.08,32.94,32.8,32.73,32.57,32.5,32.54,32.59,32.57,32.46,32.47,32.58,32.67,32.9,32.99,33.03,33.09,33.11,33.16,33.19,33.22,33.25,33.28,33.31,33.21,33.21,33.3,33.18,33.16,33.23,33.1,,,,,,,,,
31.270866,,,34.19,34.17,34.16,34.14,33.92,33.9,33.78,33.77,33.66,33.65,33.65,33.64,33.53,33.63,33.53,33.43,33.42,33.42,33.42,33.41,33.41,33.51,33.51,33.51,33.5,33.39,33.46,33.53,33.5,33.47,33.44,33.41,33.37,33.33,33.3,33.26,33.08,33.03,33.09,33.45,33.41,33.38,33.04,33.1,33.06,32.92,32.75,32.59,32.53,32.56,32.4,32.36,32.44,32.59,32.67,32.77,32.83,32.87,32.91,32.95,33.09,32.92,32.94,33.17,33.19,33.12,33.22,33.03,33.13,33.11,33.09,33.17,33.14,32.95,,,,,,,,,
31.312532,,,34.2,34.19,34.17,34.15,33.93,33.8,33.79,33.78,33.77,33.85,33.84,33.83,33.63,33.73,33.63,33.42,33.42,33.32,33.41,33.31,33.31,33.41,33.41,33.4,33.49,33.38,33.46,33.53,33.51,33.48,33.35,33.31,33.27,33.24,33.3,33.26,33.12,33.17,33.43,33.44,33.4,33.21,32.96,33.02,32.98,32.93,32.76,32.61,32.55,32.49,32.43,32.38,32.56,32.66,32.78,32.69,32.63,32.76,32.87,32.79,33.03,32.87,32.99,33.1,33.12,33.13,32.93,32.94,33.03,33.02,33.0,33.09,33.04,32.75,,,,,,,,,
31.3542,,,34.22,34.2,34.18,34.06,34.03,34.01,34.0,33.98,33.87,33.85,33.84,33.74,33.83,33.82,33.72,33.62,33.51,33.31,33.21,33.31,33.31,33.31,33.4,33.4,33.38,33.47,33.45,33.43,33.4,33.47,33.34,33.31,33.27,33.14,33.2,33.26,33.22,33.38,33.54,33.5,33.36,33.27,32.97,32.83,32.8,32.85,32.78,32.63,32.58,32.52,32.56,32.64,32.72,32.81,32.8,32.62,32.62,32.72,32.83,32.75,32.99,32.82,32.95,32.95,32.95,32.94,32.84,32.89,32.83,32.82,32.81,32.98,32.92,32.65,,,,,,,,,
31.395866,,,34.23,34.21,33.99,33.96,33.95,33.93,33.91,33.89,33.77,33.76,33.75,33.64,33.63,33.62,33.82,33.61,33.51,33.41,33.31,33.3,33.3,33.3,33.29,33.38,33.47,33.45,33.44,33.32,33.39,33.36,33.34,33.31,33.27,33.24,33.3,33.37,33.43,33.59,33.55,33.42,33.28,33.19,33.04,32.85,32.72,32.76,32.6,32.64,32.7,32.78,32.83,32.84,32.77,32.85,32.84,32.51,32.6,32.7,32.72,32.74,32.87,32.7,32.81,32.91,32.89,32.77,32.75,32.74,32.74,32.74,32.81,32.87,32.85,32.59,,,,,,,,,
31.437532,,,,34.22,34.1,33.88,33.75,33.73,33.71,33.79,33.67,33.66,33.75,33.64,33.53,33.52,33.62,33.72,33.71,33.5,33.4,33.5,33.39,33.28,33.28,33.26,33.35,33.44,33.42,33.4,33.28,33.26,33.24,33.31,33.28,33.24,33.31,33.47,33.64,33.6,33.36,33.33,33.26,33.11,33.06,32.92,32.78,32.73,32.77,32.81,32.88,32.83,32.87,32.83,32.71,32.76,32.84,32.52,32.61,32.62,32.64,32.65,32.87,32.69,32.78,32.86,32.75,32.72,32.68,32.57,32.67,32.65,32.62,32.8,32.75,32.53,,,,,,,,,
31.4792,,,,34.23,34.11,33.89,33.76,33.64,33.61,33.69,33.67,33.56,33.65,33.64,33.53,33.52,33.61,33.51,33.6,33.6,33.59,33.48,33.37,33.37,33.26,33.25,33.23,33.32,33.41,33.39,33.27,33.25,33.22,33.3,33.37,33.34,33.41,33.67,33.65,33.5,33.38,33.35,33.18,33.13,32.99,32.85,32.81,32.85,32.9,32.97,32.92,32.86,32.81,32.77,32.64,32.8,32.66,32.55,32.65,32.66,32.57,32.78,32.89,32.78,32.66,32.74,32.71,32.69,32.55,32.53,32.62,32.6,32.66,32.65,32.69,32.48,,,,,,,,,
31.520866,,,,34.13,34.11,33.89,33.76,33.64,33.51,33.49,33.58,33.46,33.55,33.64,33.53,33.51,33.51,33.4,33.29,33.38,33.57,33.37,33.36,33.35,33.34,33.23,33.22,33.3,33.29,33.28,33.25,33.33,33.31,33.38,33.36,33.53,33.6,33.68,33.66,33.43,33.39,33.33,33.19,32.95,32.9,32.86,33.02,33.08,33.03,33.01,32.86,32.89,32.76,32.63,32.68,32.84,32.61,32.6,32.7,32.6,32.7,32.81,32.8,32.78,32.66,32.64,32.7,32.58,32.56,32.52,32.6,32.56,32.55,32.53,32.53,32.33,,,,,,,,,
31.562532,,,,,34.1,33.87,33.85,33.73,33.51,33.39,33.47,33.46,33.44,33.43,33.42,33.4,33.5,33.38,33.27,33.26,33.45,33.35,33.34,33.33,33.32,33.2,33.2,33.29,33.28,33.26,33.24,33.42,33.5,33.47,33.44,33.52,33.7,33.68,33.56,33.44,33.28,33.24,33.1,32.96,32.92,32.98,33.04,33.1,33.16,32.92,32.88,32.84,32.71,32.67,32.73,32.8,32.67,32.76,32.85,32.64,32.74,32.82,32.71,32.69,32.67,32.55,32.62,32.58,32.55,32.64,32.69,32.58,32.45,32.6,32.5,32.4,,,,,,,,,
31.6042,,,,,34.07,33.86,33.73,33.71,33.59,33.47,33.55,33.54,33.42,33.31,33.2,33.28,33.37,33.36,33.26,33.25,33.33,33.42,33.31,33.2,33.2,33.19,33.17,33.16,33.15,33.14,33.2,33.31,33.36,33.55,33.54,33.61,33.69,33.48,33.24,33.32,33.08,33.05,33.11,33.08,32.84,33.0,32.96,33.02,32.98,32.95,32.92,32.79,32.66,32.72,32.89,32.95,32.83,32.81,32.9,32.78,32.76,32.85,32.73,32.72,32.6,32.58,32.64,32.5,32.57,32.63,32.61,32.49,32.58,32.59,32.44,32.4,,,,,,,,,
31.645866,,,,,,,33.7,33.69,33.66,33.45,33.63,33.52,33.51,33.39,33.18,33.17,33.25,33.24,33.13,33.12,33.21,33.3,33.19,33.08,33.07,33.06,33.15,33.14,33.12,33.21,33.3,33.36,33.37,33.45,33.52,33.6,33.58,33.47,33.24,33.21,32.98,32.85,32.92,32.89,32.85,32.92,32.89,32.85,32.92,32.89,32.85,32.72,32.89,32.96,33.03,33.0,32.78,32.86,32.94,32.82,32.8,32.89,32.86,32.74,32.62,32.71,32.68,32.44,32.5,32.46,32.53,32.7,32.53,32.39,32.46,32.28,,,,,,,,,
31.687532,,,,,,,33.75,33.74,33.62,33.61,33.6,33.48,33.47,33.36,33.35,33.34,33.23,33.11,33.1,33.09,33.18,33.17,33.16,33.15,33.04,33.04,33.13,33.21,33.2,33.18,33.27,33.36,33.45,33.43,33.52,33.6,33.58,33.35,33.23,33.21,32.98,32.85,32.83,32.7,32.77,32.74,32.81,32.87,32.94,32.91,32.78,32.85,32.92,33.09,32.97,32.95,32.81,32.79,32.87,32.85,32.83,32.81,32.79,32.77,32.65,32.64,32.6,32.46,32.43,32.49,32.65,32.63,32.39,32.37,32.39,32.34,,,,,,,,,
31.7292,,,,,,,33.87,33.77,33.76,33.55,33.54,33.53,33.52,33.41,33.5,33.39,33.29,33.07,33.27,33.26,33.15,33.14,33.13,33.13,33.02,33.01,33.1,33.29,33.28,33.07,33.26,33.35,33.43,33.42,33.5,33.57,33.55,33.23,33.02,33.1,33.08,32.96,32.74,32.61,32.67,32.65,32.72,32.99,32.96,32.83,32.81,32.88,33.05,33.02,32.9,32.87,32.75,32.83,32.91,32.89,32.86,32.74,32.82,32.8,32.78,32.65,32.62,32.49,32.56,32.53,32.7,32.56,32.33,32.39,32.43,32.31,,,,,,,,,
31.770866,,,,,,,,33.78,33.78,33.67,33.57,33.56,33.46,33.46,33.46,33.35,33.25,33.24,33.33,33.22,33.22,33.3,33.1,32.99,32.99,32.98,33.17,33.35,33.25,33.15,33.22,33.3,33.19,33.28,33.37,33.55,33.44,33.22,33.01,33.09,32.97,32.85,32.73,32.61,32.69,32.67,32.94,32.91,32.79,32.76,32.83,33.01,33.08,32.95,32.83,32.91,32.78,32.76,32.94,32.82,32.9,32.88,32.86,32.73,32.71,32.68,32.65,32.62,32.6,32.56,32.73,32.5,32.47,32.53,32.49,32.45,,,,,,,,,
31.812532,,,,,,,33.66,33.67,33.67,33.68,33.39,33.39,33.39,33.3,33.3,33.29,33.29,33.29,33.29,33.28,33.18,33.37,33.27,33.26,33.15,33.14,33.24,33.33,33.21,33.1,33.19,33.19,33.18,33.27,33.35,33.54,33.43,33.31,33.0,32.98,32.97,32.75,32.73,32.62,32.6,32.77,32.95,32.82,32.7,32.77,32.95,33.03,33.0,32.88,32.76,32.84,32.72,32.8,32.88,32.85,32.83,32.82,32.79,32.77,32.75,32.72,32.69,32.67,32.65,32.83,32.78,32.65,32.54,32.48,32.55,32.51,,,,,,,,,
31.8542,,,,,,,,,,33.58,33.4,33.2,33.11,33.13,33.24,33.34,33.34,33.34,33.35,33.35,33.24,33.24,33.23,33.23,33.32,33.22,33.21,33.29,33.19,33.08,33.17,33.07,33.16,33.25,33.34,33.42,33.41,33.4,33.29,33.17,32.96,32.85,32.82,32.71,32.69,32.87,32.95,32.83,32.91,32.88,32.96,32.84,32.92,32.9,32.68,32.76,32.75,32.73,32.81,32.79,32.77,32.75,32.72,32.69,32.67,32.54,32.62,32.7,32.78,32.85,32.83,32.61,32.47,32.43,32.5,32.47,,,,,,,,,
31.895866,,,,,,,,,,,33.31,33.22,33.13,33.05,33.17,33.28,33.39,33.4,33.4,33.41,33.31,33.3,33.1,33.2,33.29,33.19,33.27,33.17,33.06,33.06,33.05,33.15,33.14,33.23,33.32,33.41,33.3,33.29,33.28,33.27,33.15,33.04,32.92,32.81,32.8,32.88,32.95,32.83,32.92,33.0,32.78,32.86,32.94,32.92,32.71,32.78,32.77,32.75,32.73,32.71,32.79,32.67,32.65,32.62,32.6,32.57,32.75,32.83,32.8,32.78,32.76,32.54,32.52,32.51,32.49,32.53,,,,,,,,,
31.937532,,,,,,,,,,,,33.33,33.15,33.08,33.0,33.23,33.34,33.25,33.26,33.26,33.27,33.17,33.07,33.27,33.26,33.25,33.25,33.05,33.04,32.94,32.93,33.03,33.12,33.31,33.4,33.19,33.19,33.18,33.07,33.06,33.15,33.13,33.02,32.81,32.79,32.87,32.95,32.94,33.02,32.91,32.78,32.77,32.95,32.94,32.71,32.7,32.78,32.76,32.75,32.73,32.71,32.59,32.56,32.54,32.52,32.7,32.78,32.86,32.74,32.72,32.8,32.58,32.46,32.44,32.52,32.5,,,,,,,,,
31.9792,,,,,,,,,,,,33.25,33.29,33.21,33.14,33.17,33.19,33.21,33.22,33.23,33.23,33.14,33.24,33.24,33.12,33.12,33.02,33.02,33.02,32.91,32.91,33.0,33.1,33.29,33.29,33.08,33.07,33.06,33.06,33.05,33.04,33.12,33.01,32.8,32.78,32.87,32.85,32.94,32.92,32.91,32.69,32.77,32.96,32.94,32.83,32.71,32.79,32.78,32.66,32.64,32.72,32.5,32.48,32.46,32.64,32.72,32.7,32.68,32.66,32.74,32.73,32.62,32.5,32.48,32.57,32.44,,,,,,,,,
32.020866,,,,,,,,,,,,,,33.14,32.98,33.01,33.04,33.06,33.18,33.19,33.3,33.21,33.31,33.2,33.1,33.2,33.1,33.1,33.09,33.09,32.99,33.08,33.18,33.28,33.17,32.96,32.96,32.95,32.95,33.04,33.03,33.12,33.11,32.99,32.98,32.97,32.85,32.84,32.93,32.91,32.7,32.78,32.96,32.95,32.93,32.91,32.8,32.78,32.67,32.65,32.74,32.52,32.4,32.38,32.66,32.75,32.83,32.81,32.8,32.78,32.67,32.55,32.53,32.54,32.51,32.4,,,,,,,,,
32.062534,,,,,,,,,,,,,,33.17,33.12,32.86,32.99,32.92,32.94,32.95,32.96,32.97,32.97,33.17,33.27,33.27,33.17,33.07,33.07,32.97,32.97,33.06,33.16,33.26,33.15,33.05,32.94,32.94,32.83,32.93,33.02,33.01,33.0,32.89,32.97,32.96,32.85,32.74,32.83,32.81,32.69,32.78,32.87,32.84,32.83,32.92,32.8,32.79,32.67,32.66,32.65,32.53,32.42,32.5,32.69,32.77,32.75,32.73,32.82,32.8,32.69,32.58,32.56,32.55,32.44,32.34,,,,,,,,,
32.1042,,,,,,,,,,,,,,,33.07,33.11,33.15,33.18,33.1,33.12,33.14,32.94,32.94,33.04,33.04,33.14,32.94,33.04,33.05,32.95,32.95,33.04,33.14,33.14,33.14,33.14,33.03,33.03,32.82,32.82,32.91,32.9,32.89,32.88,32.87,32.96,32.94,32.84,32.82,32.81,32.69,32.68,32.87,32.75,32.73,32.82,32.8,32.69,32.58,32.67,32.55,32.44,32.52,32.51,32.69,32.78,32.66,32.85,32.84,32.73,32.62,32.51,32.59,32.48,32.38,32.25,,,,,,,,,
32.145866,,,,,,,,,,,,,,32.98,33.02,33.08,32.91,33.05,33.17,33.19,33.2,33.0,32.91,33.11,33.02,33.02,33.02,33.02,33.02,32.92,32.92,33.03,33.03,33.13,33.03,33.03,33.02,33.02,32.92,32.91,32.9,32.89,32.88,32.77,32.86,32.95,32.94,32.93,32.82,32.7,32.59,32.68,32.76,32.75,32.63,32.72,32.71,32.69,32.58,32.57,32.36,32.44,32.53,32.52,32.6,32.69,32.68,32.86,32.76,32.65,32.44,32.43,32.42,32.41,32.3,32.19,,,,,,,,,
32.187534,,,,,,,,,,,,,,32.94,33.0,33.05,32.89,32.83,32.84,33.05,33.17,33.08,33.08,33.09,32.99,33.1,33.1,33.0,32.9,32.9,32.81,32.91,33.01,33.11,33.01,32.92,32.91,32.91,33.01,32.9,32.89,32.78,32.78,32.67,32.76,32.75,32.74,32.82,32.81,32.7,32.69,32.78,32.76,32.75,32.63,32.72,32.71,32.6,32.39,32.47,32.46,32.55,32.64,32.72,32.71,32.6,32.69,32.78,32.67,32.46,32.36,32.35,32.35,32.44,32.33,32.32,32.41,,,,,,,,
32.2292,,,,,,,,,,,,,,,,33.02,32.96,32.79,32.81,32.83,33.04,33.16,33.06,32.97,33.07,33.08,33.08,33.08,32.98,32.89,32.79,32.89,32.89,33.0,33.1,33.0,33.0,33.0,32.9,32.89,32.79,32.78,32.67,32.66,32.65,32.74,32.63,32.72,32.81,32.7,32.68,32.77,32.76,32.65,32.63,32.72,32.71,32.6,32.49,32.57,32.56,32.55,32.64,32.63,32.61,32.61,32.8,32.69,32.68,32.38,32.27,32.37,32.36,32.46,32.24,32.24,32.33,,,,,,,,
32.270866,,,,,,,,,,,,,,,,,32.94,32.76,32.78,32.8,32.81,33.03,33.04,33.05,33.06,33.06,32.96,32.96,32.97,32.87,32.87,32.78,32.88,32.98,33.09,32.99,33.0,32.9,32.79,32.78,32.78,32.77,32.76,32.75,32.74,32.63,32.62,32.71,32.7,32.69,32.58,32.67,32.65,32.65,32.63,32.62,32.61,32.6,32.69,32.67,32.66,32.65,32.64,32.63,32.62,32.71,32.7,32.5,32.69,32.59,32.28,32.38,32.37,32.37,32.26,32.25,32.35,,,,,,,,
32.312534,,,,,,,,,,,,,,,,,,32.85,32.76,32.78,32.69,33.01,33.02,32.93,32.94,32.94,32.84,32.94,32.95,32.95,32.86,32.86,32.77,32.87,32.98,32.98,32.98,32.89,32.78,32.77,32.77,32.76,32.85,32.74,32.73,32.72,32.61,32.61,32.7,32.59,32.58,32.57,32.55,32.65,32.53,32.52,32.51,32.6,32.69,32.67,32.76,32.75,32.74,32.83,32.72,32.81,32.61,32.5,32.7,32.59,32.29,32.28,32.28,32.27,32.26,32.26,32.36,,,,,,,,
32.3542,,,,,,,,,,,,,,,,32.87,32.9,32.92,32.64,32.56,32.67,32.79,33.0,33.0,32.91,32.92,32.92,32.93,32.93,32.84,32.84,32.85,32.85,32.76,32.86,32.86,32.97,32.87,32.77,32.86,32.86,32.85,32.85,32.74,32.73,32.72,32.61,32.5,32.59,32.58,32.57,32.56,32.55,32.54,32.63,32.62,32.6,32.6,32.68,32.67,32.76,32.65,32.74,32.73,32.72,32.72,32.61,32.5,32.6,32.7,32.59,32.28,32.17,32.17,32.26,32.47,32.56,,,,,,,,
32.395866,,,,,,,,,,,,,,,,,32.88,32.9,32.82,32.54,32.66,32.67,32.78,32.89,32.99,32.9,32.81,32.81,32.82,32.82,32.83,32.94,32.84,32.75,32.75,32.85,32.95,32.96,32.85,32.85,32.75,32.75,32.74,32.73,32.62,32.61,32.6,32.6,32.59,32.58,32.57,32.55,32.55,32.64,32.62,32.71,32.7,32.59,32.58,32.67,32.66,32.75,32.74,32.73,32.62,32.61,32.51,32.4,32.7,32.6,32.49,32.39,32.28,32.17,32.37,32.47,32.57,,,,,,,,
32.437534,,,,,,,,,,,,,,,32.82,32.84,32.87,32.89,32.9,32.72,32.54,32.56,32.66,32.87,32.98,32.88,32.89,32.8,32.81,32.81,32.92,32.92,32.83,32.73,32.64,32.74,32.74,32.94,32.94,32.74,32.74,32.73,32.63,32.62,32.62,32.61,32.7,32.59,32.59,32.58,32.56,32.55,32.54,32.63,32.52,32.71,32.6,32.59,32.58,32.57,32.66,32.65,32.74,32.63,32.52,32.42,32.41,32.6,32.6,32.59,32.39,32.38,32.18,32.37,32.47,32.57,32.57,,,,,,,,
32.4792,,,,,,,,,,,,,,,32.81,32.83,32.85,32.87,32.89,32.9,32.62,32.53,32.55,32.65,32.86,32.86,32.87,32.78,32.78,32.79,33.0,32.91,32.92,32.82,32.73,32.73,32.83,32.83,32.83,32.83,32.73,32.62,32.72,32.72,32.71,32.7,32.69,32.59,32.58,32.67,32.56,32.65,32.54,32.63,32.62,32.6,32.5,32.58,32.58,32.57,32.56,32.55,32.54,32.63,32.52,32.41,32.51,32.6,32.6,32.39,32.28,32.38,32.38,32.47,32.56,32.47,32.56,,,,,,,,
32.520866,,,,,,,,,,,,,,,,32.82,32.84,32.86,32.88,32.89,32.8,32.61,32.53,32.54,32.64,32.75,32.85,32.85,32.76,32.77,32.88,32.79,32.7,32.71,32.61,32.72,32.82,32.82,32.83,32.82,32.82,32.82,32.71,32.71,32.7,32.7,32.69,32.58,32.57,32.67,32.66,32.65,32.64,32.73,32.71,32.6,32.49,32.48,32.47,32.46,32.45,32.44,32.43,32.42,32.42,32.41,32.4,32.5,32.49,32.19,32.38,32.58,32.57,32.66,32.55,32.46,32.46,,,,,,,,
32.562534,,,,,,,,,,,,,,,32.8,32.81,32.83,32.85,32.86,32.87,32.88,32.89,32.61,32.42,32.52,32.53,32.73,32.84,32.94,32.94,32.86,32.77,32.78,32.79,32.7,32.71,32.81,32.82,32.82,32.72,32.71,32.81,32.8,32.8,32.69,32.79,32.68,32.57,32.57,32.56,32.65,32.65,32.63,32.62,32.6,32.59,32.48,32.37,32.36,32.35,32.35,32.34,32.43,32.42,32.31,32.31,32.4,32.5,32.4,32.29,32.48,32.57,32.57,32.56,32.54,32.55,32.57,32.56,,,,,,,
32.6042,,,,,,,,,,,,,,32.78,32.79,32.8,32.81,32.83,32.84,32.85,32.86,32.97,32.97,33.0,32.9,32.5,32.6,32.71,32.72,32.83,32.94,32.85,32.76,32.87,32.68,32.69,32.8,32.91,32.81,32.71,32.7,32.6,32.69,32.69,32.78,32.68,32.67,32.57,32.56,32.45,32.54,32.64,32.62,32.41,32.4,32.48,32.47,32.47,32.36,32.35,32.34,32.33,32.42,32.42,32.31,32.3,32.4,32.5,32.39,32.38,32.57,32.57,32.57,32.45,32.44,32.46,32.56,32.64,,,,,,,
32.645866,,,,,,,,,,,,,,32.78,32.78,32.79,32.8,32.81,32.82,32.83,32.84,32.93,32.86,32.95,32.97,32.98,32.59,32.6,32.6,32.71,32.72,32.83,32.84,32.85,32.86,32.88,32.89,32.9,32.8,32.69,32.59,32.58,32.58,32.58,32.67,32.67,32.66,32.56,32.55,32.64,32.64,32.52,32.51,32.5,32.49,32.47,32.36,32.35,32.35,32.34,32.33,32.32,32.41,32.41,32.3,32.4,32.4,32.29,32.29,32.39,32.59,32.57,32.46,32.45,32.54,32.54,32.64,32.53,,,,,,,
32.687534,,,,,,,,,,,,,,32.77,32.78,32.78,32.79,32.79,32.8,32.79,32.8,32.91,32.93,32.83,32.95,32.96,32.67,32.58,32.59,32.6,32.6,32.71,32.72,32.83,32.84,32.85,32.87,32.87,32.77,32.68,32.67,32.67,32.67,32.66,32.56,32.56,32.65,32.64,32.64,32.63,32.52,32.51,32.5,32.49,32.48,32.46,32.35,32.34,32.33,32.42,32.42,32.41,32.4,32.3,32.29,32.29,32.19,32.19,32.29,32.48,32.59,32.48,32.46,32.45,32.54,32.62,32.51,32.51,,,,,,,
32.7292,,,,,,,,,,,,,,32.77,32.77,32.77,32.77,32.77,32.76,32.87,32.88,32.89,32.81,32.92,32.92,32.93,32.95,32.66,32.47,32.48,32.39,32.5,32.61,32.62,32.63,32.63,32.74,32.75,32.75,32.66,32.66,32.66,32.65,32.65,32.55,32.54,32.53,32.53,32.42,32.61,32.6,32.59,32.58,32.37,32.36,32.45,32.44,32.43,32.32,32.41,32.4,32.4,32.39,32.39,32.18,32.18,32.18,32.18,32.27,32.38,32.38,32.37,32.35,32.44,32.52,32.5,32.48,32.57,,,,,,,
32.770866,,,,,,,,,,,,32.89,32.78,32.77,32.76,32.76,32.76,32.74,32.75,32.75,32.76,32.77,32.88,32.89,32.9,32.91,32.92,32.83,32.55,32.46,32.37,32.38,32.49,32.5,32.51,32.52,32.53,32.73,32.74,32.64,32.64,32.64,32.54,32.54,32.43,32.43,32.52,32.41,32.4,32.39,32.38,32.48,32.57,32.46,32.54,32.53,32.42,32.41,32.4,32.39,32.38,32.38,32.37,32.27,32.17,32.27,32.17,32.08,32.26,32.16,32.16,32.25,32.44,32.52,32.5,32.47,32.54,32.51,,,,,,,
32.812534,,,,,,,,,,,,32.9,32.89,32.87,32.76,32.75,32.73,32.73,32.83,32.74,32.74,32.75,32.85,32.87,32.88,32.89,32.9,32.81,32.72,32.53,32.35,32.26,32.27,32.38,32.49,32.4,32.41,32.52,32.72,32.62,32.53,32.53,32.53,32.42,32.42,32.31,32.4,32.39,32.38,32.27,32.26,32.36,32.35,32.34,32.42,32.5,32.39,32.38,32.47,32.37,32.36,32.35,32.25,32.24,32.25,32.25,32.17,32.06,32.16,32.26,32.25,32.34,32.41,32.39,32.46,32.43,32.4,32.36,,,,,,,
32.8542,,,,,,,,,,,,,32.89,32.87,32.85,32.84,32.81,32.71,32.81,32.81,32.82,32.83,32.73,32.75,32.75,32.76,32.77,32.89,32.8,32.51,32.42,32.34,32.35,32.47,32.38,32.29,32.4,32.5,32.6,32.61,32.51,32.41,32.41,32.4,32.39,32.28,32.27,32.37,32.26,32.25,32.24,32.33,32.32,32.2,32.29,32.27,32.36,32.35,32.34,32.33,32.33,32.32,32.32,32.22,32.21,32.22,32.03,31.94,32.14,32.14,32.12,32.1,32.38,32.35,32.42,32.39,32.35,32.31,,,,,,,
32.895866,,,,,,,,,,,,,,32.87,32.85,32.81,32.8,32.8,32.69,32.79,32.8,32.7,32.7,32.71,32.73,32.74,32.75,32.76,32.77,32.78,32.5,32.42,32.43,32.44,32.36,32.27,32.38,32.38,32.39,32.49,32.59,32.48,32.39,32.38,32.47,32.36,32.25,32.25,32.33,32.12,32.21,32.2,32.28,32.16,32.15,32.04,32.12,32.11,32.21,32.2,32.19,32.29,32.29,32.27,32.19,32.09,32.01,32.02,32.02,32.01,31.89,31.97,32.34,32.41,32.37,32.33,32.19,32.25,32.12,,,,,,
32.937534,,,,,,,,,,,,,,32.89,32.84,32.81,32.79,32.78,32.77,32.76,32.67,32.68,32.68,32.69,32.69,32.71,32.72,32.73,32.74,32.76,32.58,32.39,32.31,32.43,32.34,32.25,32.26,32.39,32.38,32.39,32.47,32.57,32.47,32.45,32.34,32.33,32.32,32.1,32.19,32.07,32.08,32.06,32.14,32.12,32.01,32.0,31.98,31.96,32.06,31.96,32.06,32.15,32.14,32.14,32.16,32.07,31.98,31.98,31.88,31.87,31.85,32.23,32.29,32.26,32.32,32.38,32.34,32.29,32.15,,,,,,
32.9792,,,,,,,,,,,,,32.89,32.87,32.84,32.8,32.78,32.77,32.76,32.65,32.65,32.65,32.66,32.66,32.67,32.69,32.69,32.7,32.72,32.73,32.75,32.67,32.49,32.31,32.24,32.26,32.17,32.27,32.38,32.38,32.38,32.47,32.36,32.33,32.32,32.21,32.2,32.09,32.17,32.05,31.94,31.9,31.91,31.99,32.07,31.95,31.91,31.91,31.9,31.91,31.99,31.9,32.01,32.01,31.92,32.03,31.93,31.94,31.94,32.12,32.2,32.27,32.24,32.3,32.26,32.32,32.27,32.12,32.09,,,,,,
33.020866,,,,,,,,,,,,32.9,32.87,32.86,32.83,32.79,32.77,32.76,32.75,32.64,32.63,32.63,32.63,32.63,32.64,32.65,32.65,32.68,32.69,32.71,32.63,32.65,32.69,32.31,32.33,32.24,32.25,32.16,32.26,32.27,32.25,32.34,32.44,32.34,32.33,32.29,32.18,32.07,32.05,32.03,31.91,31.88,31.85,31.82,31.92,31.9,31.86,31.76,31.74,31.84,31.85,31.95,31.85,31.87,31.88,31.89,31.9,31.99,32.08,32.07,32.25,32.31,32.28,32.24,32.19,32.15,32.01,31.96,31.92,,,,,,
33.062534,,,,,,,,,,,,,32.86,32.84,32.81,32.8,32.76,32.75,32.64,32.62,32.61,32.61,32.6,32.6,32.6,32.61,32.61,32.53,32.55,32.59,32.63,32.65,32.68,32.4,32.32,32.34,32.35,32.25,32.26,32.14,32.14,32.23,32.33,32.22,32.21,32.19,32.06,32.04,31.93,32.0,31.98,31.85,31.72,31.69,31.65,31.72,31.82,31.59,31.59,31.7,31.7,31.71,31.7,31.72,31.83,31.74,31.84,32.03,32.13,32.21,32.19,32.25,32.22,32.17,32.13,32.08,31.95,31.9,31.87,,,,,,
33.1042,,,,,,,,,,,,32.87,32.85,32.82,32.8,32.78,32.75,32.73,32.62,32.61,32.6,32.59,32.59,32.58,32.58,32.48,32.49,32.51,32.54,32.57,32.6,32.64,32.67,32.6,32.42,32.34,32.35,32.35,32.34,32.23,32.13,32.12,32.22,32.31,32.19,32.17,32.06,32.03,31.89,31.87,31.85,31.82,31.78,31.65,31.61,31.58,31.64,31.65,31.55,31.55,31.65,31.66,31.66,31.77,31.78,31.69,31.69,31.98,32.06,32.15,32.13,32.2,32.15,32.01,31.97,31.93,31.89,31.86,31.92,,,,,,
33.145866,,,,,,,,,,,,,,32.8,32.78,32.77,32.76,32.72,32.61,32.6,32.59,32.58,32.58,32.57,32.47,32.46,32.47,32.5,32.53,32.56,32.6,32.53,32.56,32.59,32.51,32.34,32.35,32.24,32.24,32.23,32.13,32.11,32.11,32.19,32.27,32.14,32.02,31.9,31.76,31.73,31.6,31.69,31.75,31.71,31.57,31.52,31.51,31.49,31.4,31.5,31.51,31.5,31.61,31.62,31.63,31.53,31.63,32.02,32.0,32.09,32.17,32.14,32.0,31.96,31.92,31.88,31.75,31.82,31.79,,,,,,
33.187534,,,,,,,,,,,,,,32.78,32.77,32.75,32.64,32.61,32.6,32.59,32.58,32.57,32.56,32.46,32.45,32.45,32.46,32.49,32.53,32.56,32.5,32.53,32.56,32.59,32.62,32.34,32.35,32.24,32.24,32.23,32.22,32.1,32.09,32.17,32.14,32.02,31.99,31.87,31.85,31.7,31.57,31.64,31.6,31.66,31.62,31.5,31.48,31.35,31.35,31.36,31.37,31.56,31.68,31.69,31.69,31.79,31.89,31.98,31.97,32.04,32.02,31.99,31.85,31.82,31.78,31.75,31.72,31.69,31.66,,,,,,
33.2292,,,,,,,,,,,,,,32.77,32.75,32.64,32.63,32.6,32.59,32.58,32.57,32.56,32.46,32.45,32.45,32.47,32.47,32.5,32.43,32.47,32.51,32.54,32.58,32.61,32.64,32.35,32.25,32.26,32.15,32.14,32.03,32.01,31.98,31.95,32.02,32.09,31.96,31.94,31.91,31.79,31.64,31.61,31.57,31.42,31.49,31.47,31.35,31.23,31.22,31.21,31.43,31.53,31.65,31.66,31.66,31.76,31.86,31.95,31.93,32.02,31.98,31.85,31.82,31.79,31.76,31.73,31.71,31.68,31.65,31.73,,,,,
33.270866,,,,,,,,,,,,,,32.75,32.64,32.63,32.62,32.58,32.56,32.55,32.55,32.44,32.43,32.43,32.45,32.47,32.39,32.41,32.44,32.48,32.52,32.56,32.6,32.63,32.66,32.56,32.28,32.28,32.17,32.06,32.03,32.01,31.98,31.94,32.0,31.97,31.93,31.8,31.78,31.65,31.6,31.47,31.54,31.4,31.36,31.34,31.32,31.2,31.2,31.29,31.4,31.51,31.73,31.74,31.84,31.85,31.94,31.93,32.02,31.99,31.86,31.84,31.71,31.68,31.65,31.72,31.7,31.77,31.75,31.73,,,,,
33.312534,,,,,,,,,,,,,32.64,32.63,32.6,32.6,32.6,32.58,32.56,32.55,32.44,32.43,32.43,32.43,32.45,32.36,32.37,32.4,32.45,32.49,32.53,32.58,32.52,32.56,32.59,32.3,32.21,32.21,32.1,32.08,32.04,31.92,31.88,31.93,31.89,31.95,31.91,31.67,31.54,31.51,31.49,31.54,31.51,31.37,31.24,31.22,31.2,31.19,31.18,31.18,31.48,31.51,31.73,31.74,31.84,31.94,31.94,31.93,31.91,31.79,31.66,31.63,31.7,31.68,31.65,31.73,31.7,31.8,31.77,31.75,,,,,
33.3542,,,,,,,,,,,,,32.55,32.59,32.59,32.59,32.6,32.58,32.46,32.45,32.43,32.42,32.42,32.44,32.35,32.36,32.38,32.41,32.44,32.48,32.55,32.59,32.54,32.58,32.61,32.44,32.36,32.25,32.13,32.0,31.97,31.92,31.87,31.83,31.88,31.83,31.78,31.84,31.51,31.57,31.55,31.5,31.38,31.36,31.31,31.3,31.19,31.08,31.08,31.19,31.49,31.6,31.63,31.74,31.75,31.75,31.74,31.82,31.71,31.69,31.66,31.64,31.71,31.68,31.66,31.75,31.73,31.8,31.78,31.65,,,,,
33.395866,,,,,,,,,,,,,32.53,32.53,32.54,32.45,32.48,32.48,32.45,32.43,32.42,32.41,32.4,32.33,32.34,32.35,32.38,32.41,32.44,32.49,32.43,32.51,32.56,32.61,32.65,32.69,32.41,32.2,32.17,32.03,31.99,31.93,31.88,31.82,31.77,31.72,31.67,31.71,31.67,31.63,31.5,31.45,31.44,31.35,31.4,31.29,31.29,31.19,31.09,31.2,31.31,31.42,31.65,31.66,31.76,31.76,31.75,31.74,31.72,31.7,31.78,31.65,31.72,31.8,31.79,31.76,31.83,31.81,31.68,31.56,,,,,
33.437534,,,,,,,,,,,,32.49,32.49,32.39,32.4,32.42,32.42,32.44,32.42,32.4,32.39,32.38,32.28,32.31,32.32,32.34,32.37,32.4,32.44,32.39,32.44,32.49,32.58,32.64,32.69,32.74,32.77,32.35,32.21,32.16,32.1,32.04,31.78,31.73,31.77,31.61,31.55,31.59,31.43,31.49,31.57,31.53,31.52,31.51,31.31,31.4,31.4,31.31,31.31,31.33,31.23,31.34,31.57,31.58,31.67,31.77,31.76,31.65,31.63,31.71,31.79,31.76,31.74,31.73,31.8,31.77,31.84,31.72,31.69,31.47,,,,,
33.4792,,,,,,,,,,,,32.45,32.34,32.35,32.35,32.35,32.35,32.35,32.34,32.35,32.24,32.24,32.24,32.28,32.3,32.32,32.35,32.39,32.44,32.39,32.44,32.5,32.56,32.65,32.71,32.78,32.73,32.6,32.34,32.27,32.2,32.04,31.99,31.83,31.67,31.61,31.55,31.48,31.39,31.46,31.45,31.32,31.32,31.41,31.41,31.41,31.32,31.23,31.24,31.35,31.26,31.37,31.6,31.7,31.8,31.79,31.78,31.67,31.65,31.73,31.81,31.78,31.76,31.74,31.71,31.78,31.85,31.73,31.7,31.48,,,,,
33.520866,,,,,,,,,,,32.33,32.3,32.29,32.19,32.3,32.28,32.28,32.28,32.27,32.16,32.18,32.18,32.19,32.24,32.26,32.29,32.33,32.38,32.33,32.38,32.44,32.49,32.56,32.62,32.71,32.68,32.73,32.61,32.34,32.27,32.31,32.15,32.09,31.93,31.78,31.62,31.46,31.39,31.32,31.38,31.37,31.24,31.24,31.34,31.34,31.34,31.35,31.36,31.38,31.39,31.29,31.3,31.52,31.73,31.82,31.82,31.81,31.69,31.67,31.75,31.72,31.8,31.78,31.75,31.72,31.79,31.76,31.74,31.72,31.69,,,,,
33.562534,,,,,,,,,,,32.19,32.14,32.14,32.14,32.12,32.12,32.12,32.11,32.1,32.1,32.12,32.12,32.14,32.19,32.22,32.26,32.2,32.25,32.31,32.36,32.42,32.48,32.54,32.6,32.69,32.74,32.68,32.67,32.22,32.16,32.1,32.05,31.89,31.84,31.68,31.62,31.67,31.52,31.36,31.33,31.31,31.27,31.27,31.27,31.27,31.27,31.28,31.3,31.31,31.42,31.32,31.33,31.66,31.76,31.86,31.85,31.83,31.91,31.89,31.87,31.84,31.82,31.79,31.76,31.83,31.8,31.67,31.65,31.73,31.71,,,,,
33.6042,,,,,,,,,,,,,32.11,32.1,32.07,32.07,32.06,32.05,32.04,32.03,32.03,32.06,32.08,32.14,32.08,32.13,32.18,32.23,32.29,32.35,32.4,32.46,32.52,32.47,32.52,32.6,32.62,32.62,32.19,32.15,32.0,31.94,31.89,31.74,31.69,31.74,31.79,31.64,31.5,31.47,31.35,31.21,31.11,31.11,31.21,31.22,31.23,31.23,31.35,31.46,31.36,31.46,31.7,31.7,31.79,31.88,31.86,31.84,31.92,31.89,31.86,31.83,31.7,31.77,31.74,31.81,31.68,31.66,31.54,31.62,31.51,,,,
33.645866,,,,,,,,,,,,31.92,31.93,31.94,31.95,31.95,32.01,32.0,31.98,31.97,31.96,31.97,31.92,31.97,32.04,32.1,32.15,32.21,32.27,32.33,32.38,32.44,32.4,32.45,32.49,32.55,32.58,32.58,32.26,32.23,32.19,32.14,31.9,31.85,31.9,31.85,31.81,31.76,31.64,31.61,31.47,31.36,31.25,31.35,31.35,31.36,31.16,31.17,31.29,31.29,31.4,31.63,31.74,31.84,31.83,31.92,31.9,31.88,31.85,31.92,31.88,31.75,31.72,31.78,31.75,31.82,31.69,31.56,31.45,31.43,31.42,,,,
33.687534,,,,,,,,,,,,,,31.89,31.9,31.91,31.9,31.85,31.83,31.8,31.78,31.8,31.86,31.92,32.01,32.07,32.14,32.2,32.26,32.31,32.37,32.43,32.38,32.42,32.46,32.51,32.53,32.54,32.23,32.11,32.17,32.14,32.0,31.96,32.02,31.98,31.93,31.8,31.67,31.55,31.5,31.49,31.49,31.59,31.49,31.5,31.3,31.32,31.33,31.33,31.34,31.68,31.78,31.88,31.88,31.76,31.74,31.81,31.88,31.95,31.8,31.77,31.73,31.69,31.66,31.72,31.69,31.66,31.55,31.29,31.29,,,,
33.7292,,,,,,,,,,,,,31.83,31.86,31.88,31.88,31.88,31.86,31.8,31.75,31.71,31.76,31.84,31.92,31.99,32.08,32.15,32.21,32.27,32.33,32.39,32.31,32.36,32.4,32.43,32.5,32.5,32.51,32.4,32.19,32.16,32.13,32.0,32.07,32.13,31.9,31.76,31.73,31.61,31.56,31.54,31.63,31.63,31.53,31.53,31.54,31.45,31.45,31.57,31.58,31.52,31.63,31.83,31.83,31.82,31.7,31.67,31.84,31.91,31.87,31.72,31.68,31.65,31.7,31.56,31.72,31.69,31.56,31.5,31.39,31.29,,,,
33.770866,,,,,,,,,,,,,31.71,31.75,31.78,31.78,31.88,31.86,31.86,31.79,31.76,31.79,31.86,31.93,32.0,32.09,32.15,32.21,32.27,32.33,32.28,32.33,32.37,32.38,32.41,32.47,32.49,32.48,32.38,32.27,32.25,32.23,32.11,32.18,32.05,31.92,31.89,31.86,31.74,31.69,31.78,31.77,31.57,31.57,31.67,31.68,31.59,31.69,31.61,31.65,31.57,31.68,31.78,31.88,31.77,31.74,31.91,31.88,31.94,31.9,31.75,31.61,31.56,31.61,31.77,31.73,31.59,31.31,31.29,31.48,31.27,,,,
33.812534,,,,,,,,,,,,,,,31.8,31.81,31.83,31.81,31.8,31.85,31.84,31.86,31.92,31.87,32.03,32.08,32.17,32.23,32.18,32.23,32.28,32.32,32.36,32.39,32.42,32.46,32.48,32.49,32.06,32.16,32.15,32.23,32.21,32.18,32.06,32.03,32.01,31.99,31.94,31.92,31.91,31.9,31.9,31.8,31.81,31.82,31.73,31.64,31.68,31.7,31.62,31.72,31.82,31.87,31.95,31.92,31.89,31.85,31.91,31.87,31.72,31.68,31.73,31.78,31.78,31.63,31.43,31.21,31.28,31.36,31.24,,,,
33.8542,,,,,,,,,,,,,,,31.84,31.85,31.87,31.86,31.85,31.85,31.82,31.84,31.89,31.93,31.97,32.02,32.07,32.15,32.2,32.25,32.29,32.33,32.36,32.38,32.4,32.47,32.47,32.38,32.08,31.95,31.94,32.03,32.11,32.09,32.07,32.05,32.03,31.78,31.76,31.75,31.74,31.83,31.83,31.83,31.84,31.85,31.76,31.82,31.83,31.85,31.86,31.91,31.91,31.9,31.88,31.96,31.92,31.88,31.84,31.79,31.73,31.79,31.74,31.78,31.73,31.63,31.44,31.2,31.17,31.34,31.21,,,,
33.895866,,,,,,,,,,,,,,,31.8,31.83,31.82,31.92,31.92,31.92,31.9,31.91,31.95,31.99,32.03,32.07,32.12,32.16,32.2,32.27,32.3,32.33,32.36,32.38,32.44,32.46,32.48,32.37,32.07,31.97,31.93,31.92,31.91,31.99,32.08,32.02,32.0,32.0,31.88,31.77,31.77,31.66,31.77,31.77,31.67,31.69,31.74,31.76,31.88,31.93,31.94,31.94,31.94,31.93,31.81,31.79,31.85,31.91,31.87,31.81,31.76,31.8,31.75,31.69,31.67,31.62,31.38,31.25,31.06,31.11,31.37,31.24,,,
33.937534,,,,,,,,,,,,,,,31.9,31.89,31.89,31.89,31.89,31.88,31.96,31.98,32.03,32.06,32.1,32.13,32.17,32.2,32.23,32.26,32.29,32.34,32.36,32.38,32.44,32.46,32.47,32.28,32.06,32.06,32.06,31.95,31.94,31.85,31.94,31.93,32.01,31.9,31.89,31.89,31.88,31.89,31.89,31.73,31.64,31.76,31.68,31.7,31.75,31.76,31.87,31.98,31.97,31.97,31.75,31.73,31.89,31.85,31.8,31.74,31.78,31.82,31.76,31.7,31.68,31.63,31.38,31.24,31.19,31.09,31.24,31.09,,,
33.9792,,,,,,,,,,,,,,,31.86,31.95,31.95,31.95,31.95,31.96,31.96,31.98,32.11,32.14,32.17,32.2,32.23,32.25,32.27,32.29,32.31,32.32,32.33,32.39,32.4,32.45,32.36,32.27,32.06,32.12,32.01,32.0,31.9,31.78,31.87,31.96,32.05,31.84,31.73,31.73,31.73,31.84,31.95,31.96,31.88,31.9,31.72,31.66,31.67,31.79,31.9,31.91,31.91,31.8,31.79,31.86,31.93,31.88,31.84,31.78,31.82,31.75,31.68,31.64,31.69,31.53,31.38,31.33,31.27,31.11,31.0,30.94,,,
34.020866,,,,,,,,,,,,,,,,,,32.0,32.0,32.02,32.03,32.06,32.08,32.11,32.24,32.27,32.29,32.3,32.31,32.31,32.32,32.32,32.33,32.38,32.39,32.4,32.31,32.22,32.13,32.0,32.0,31.99,31.79,31.78,31.77,31.96,31.96,31.95,31.85,31.65,31.65,31.66,31.77,31.69,31.7,31.92,31.97,31.99,32.0,31.91,31.93,31.93,31.94,31.73,31.82,31.9,31.87,31.73,31.88,31.81,31.75,31.78,31.71,31.77,31.7,31.54,31.48,31.12,31.05,30.98,30.91,30.79,,,
34.062534,,,,,,,,,,,,,,,,,,,32.06,32.07,32.1,32.11,32.14,32.17,32.2,32.22,32.33,32.33,32.32,32.31,32.33,32.32,32.36,32.37,32.37,32.38,32.39,31.99,32.0,31.98,31.98,31.87,31.77,31.77,31.76,31.76,31.66,31.76,31.66,31.66,31.67,31.68,31.69,31.7,31.73,31.75,31.99,32.0,32.02,32.03,32.04,32.06,31.96,31.86,31.85,31.84,31.82,31.88,31.92,31.96,31.89,31.92,31.94,31.8,31.53,31.55,31.49,31.31,31.24,30.96,30.89,30.76,,,
34.1042,,,,,,,,,,,,,,,,,,31.99,32.04,32.13,32.13,32.16,32.2,32.24,32.27,32.3,32.3,32.28,32.36,32.33,32.34,32.33,32.35,32.35,32.35,32.35,32.26,31.96,31.97,31.98,31.95,31.95,31.95,31.95,31.95,31.85,31.76,31.76,31.66,31.67,31.68,31.59,31.7,31.72,31.74,31.78,31.8,31.82,31.83,31.85,31.96,31.97,31.88,31.78,31.88,31.88,31.96,31.93,31.98,32.01,32.04,31.96,31.77,31.62,31.55,31.48,31.4,31.32,31.24,30.95,30.88,30.79,,,
34.145866,,,,,,,,,,,,,,,,,32.12,32.08,32.06,32.04,32.17,32.2,32.25,32.3,32.35,32.37,32.36,32.32,32.28,32.37,32.34,32.31,32.3,32.28,32.32,32.32,32.22,32.03,31.94,31.95,32.02,32.12,32.13,32.13,32.14,31.94,31.95,31.96,31.76,31.77,31.69,31.7,31.72,31.53,31.56,31.6,31.71,31.73,31.74,31.76,31.87,31.88,31.89,31.9,31.91,31.91,31.9,32.07,32.03,32.06,31.99,32.0,31.71,31.55,31.47,31.39,31.31,31.33,31.24,31.06,30.86,30.59,,,
34.187534,,,,,,,,,,,,,,,,,,,32.08,32.09,32.11,32.11,32.26,32.31,32.38,32.45,32.39,32.34,32.29,32.35,32.32,32.29,32.27,32.25,32.24,32.28,32.28,32.19,32.1,32.11,31.88,31.89,31.9,31.81,31.92,31.93,32.04,31.85,31.76,31.67,31.69,31.71,31.52,31.54,31.58,31.6,31.62,31.53,31.65,31.66,31.88,31.89,31.8,31.92,32.03,32.03,32.14,32.12,32.08,32.01,31.93,31.84,31.75,31.58,31.5,31.41,31.32,31.33,31.05,30.96,30.88,30.6,,,
34.2292,,,,,,,,,,,,,,,,,,,32.1,32.1,32.1,32.12,32.15,32.28,32.33,32.34,32.31,32.28,32.24,32.2,32.27,32.25,32.23,32.21,32.2,32.19,32.13,31.95,31.86,31.87,31.94,31.85,31.86,31.68,31.69,31.81,31.92,31.94,31.96,31.77,31.69,31.61,31.53,31.54,31.58,31.6,31.72,31.73,31.55,31.56,31.88,31.79,31.8,31.91,31.94,32.05,32.06,32.07,32.13,32.06,32.07,31.88,31.58,31.59,31.52,31.42,31.44,31.35,31.15,30.95,30.99,30.72,30.51,,
34.270866,,,,,,,,,,,,,,,,,,,,32.08,32.07,32.08,32.09,32.2,32.22,32.22,32.21,32.19,32.16,32.24,32.22,32.19,32.18,32.16,32.15,32.15,32.16,32.1,31.91,31.92,31.8,31.81,31.72,31.64,31.66,31.68,31.7,31.73,31.75,31.87,31.79,31.81,31.83,31.74,31.78,31.79,31.81,31.73,31.64,31.76,31.77,31.79,31.8,31.71,31.84,31.96,31.97,32.09,32.08,32.09,32.0,31.81,31.61,31.51,31.54,31.44,31.35,31.25,30.96,30.88,30.9,30.85,30.7,,
34.312534,,,,,,,,,,,,,,,,,,,,,,32.01,32.01,32.11,32.11,32.11,32.1,32.09,32.07,32.06,32.14,32.12,32.11,32.1,32.09,32.09,32.11,32.01,32.06,32.03,31.85,31.76,31.78,31.8,31.62,31.65,31.68,31.71,31.73,31.76,31.79,31.7,31.72,31.74,31.67,31.78,31.7,31.61,31.83,31.85,31.86,31.78,31.79,31.6,31.63,31.74,31.86,31.96,32.14,32.09,32.01,31.72,31.62,31.53,31.53,31.35,31.36,31.07,30.98,30.8,30.92,30.67,30.57,,
34.3542,,,,,,,,,,,,,,,,,,,,,,31.94,,31.91,32.0,31.99,31.99,31.98,31.98,32.06,32.06,32.05,32.04,32.01,32.01,32.02,32.04,31.94,31.88,31.76,31.87,31.89,31.81,31.83,31.78,31.61,31.75,31.68,31.71,31.64,31.58,31.59,31.61,31.52,31.53,31.56,31.58,31.69,31.81,31.83,31.84,31.86,31.77,31.78,31.6,31.62,31.82,31.92,32.1,32.05,31.99,31.61,31.52,31.53,31.54,31.35,31.36,31.08,30.79,30.72,30.66,30.61,30.61,,
34.395866,,,,,,,,,,,,,,,,,,,,,,,,,31.89,31.88,31.88,31.88,31.88,31.98,31.97,31.97,31.96,31.96,31.96,31.97,31.99,31.7,31.67,31.71,31.73,31.74,31.87,31.89,31.92,31.75,31.81,31.64,31.77,31.7,31.53,31.46,31.47,31.49,31.5,31.74,31.75,31.67,31.78,31.9,31.82,31.83,31.74,31.75,31.67,31.58,31.78,31.87,31.95,31.91,31.85,31.58,31.5,31.41,31.44,31.45,31.36,31.09,30.8,30.73,30.68,30.64,30.63,,
34.437534,,,,,,,,,,,,,,,,,,,,,,,,,,31.75,31.76,31.77,31.79,31.9,31.89,31.89,31.9,31.91,31.91,31.92,31.65,31.65,31.62,31.66,31.68,31.7,31.72,31.75,31.88,31.91,31.94,31.77,31.72,31.65,31.59,31.61,31.43,31.45,31.67,31.7,31.72,31.63,31.85,31.87,31.78,31.8,31.71,31.62,31.53,31.53,31.73,31.81,31.79,31.75,31.7,31.54,31.47,31.49,31.52,31.44,31.37,31.17,30.81,30.75,30.7,30.6,30.46,,
34.4792,,,,,,,,,,,,,,,,,,,,,,,,,,31.63,31.65,31.67,31.7,31.81,31.83,31.84,31.85,31.85,31.86,31.57,31.58,31.47,31.47,31.61,31.53,31.55,31.58,31.5,31.63,31.77,31.9,31.93,31.86,31.71,31.54,31.56,31.58,31.6,31.62,31.64,31.78,31.8,31.81,31.73,31.74,31.75,31.76,31.67,31.47,31.47,31.67,31.65,31.63,31.59,31.55,31.59,31.52,31.45,31.39,31.33,31.36,31.16,31.09,31.04,30.64,30.6,30.48,,
34.520866,,,,,,,,,,,,,,,,,,,,,,,,,,31.52,31.57,31.61,31.74,31.76,31.77,31.79,31.79,31.8,31.61,31.49,31.38,31.51,31.54,31.56,31.58,31.6,31.53,31.46,31.39,31.52,31.56,31.69,31.81,31.84,31.79,31.71,31.73,31.85,31.87,31.89,31.83,31.75,31.56,31.58,31.59,31.6,31.61,31.61,31.61,31.41,31.4,31.38,31.46,31.53,31.48,31.43,31.37,31.31,31.25,31.3,31.35,31.16,31.01,31.04,30.73,30.61,30.58,,
34.562534,,,,,,,,,,,,,,,,,,,,,,,,,,,31.56,31.58,31.7,31.73,31.75,31.76,31.77,31.77,31.53,31.53,31.53,31.44,31.6,31.51,31.53,31.56,31.48,31.41,31.45,31.38,31.41,31.44,31.57,31.49,31.72,31.66,31.68,31.7,31.72,31.54,31.46,31.48,31.42,31.43,31.54,31.55,31.55,31.55,31.55,31.34,31.23,31.01,31.19,31.26,31.32,31.37,31.32,31.16,31.21,31.16,31.21,31.17,31.02,30.98,30.74,30.6,30.58,30.46,
34.6042,,,,,,,,,,,,,,,,,,,,,,,,,,31.62,31.6,31.59,31.61,31.72,31.69,31.69,31.7,31.69,31.68,31.58,31.47,31.48,31.51,31.56,31.58,31.51,31.54,31.47,31.41,31.34,31.17,31.3,31.32,31.25,31.37,31.38,31.42,31.45,31.46,31.39,31.41,31.43,31.34,31.29,31.2,31.41,31.41,31.39,31.29,31.18,31.16,30.94,30.92,30.89,31.25,31.31,31.26,31.12,31.08,31.13,31.09,30.98,31.02,30.97,30.74,30.51,30.59,30.7,
34.645866,,,,,,,,,,,,,,,,,,,,,,,,,,31.65,31.62,31.7,31.59,31.68,31.69,31.68,31.67,31.65,31.55,31.55,31.43,31.54,31.46,31.48,31.54,31.47,31.5,31.53,31.36,31.3,31.23,31.16,31.08,31.1,31.22,31.34,31.27,31.29,31.29,31.3,31.35,31.17,31.19,31.1,31.11,31.15,31.23,31.22,31.12,31.11,30.9,30.88,30.85,30.83,30.99,31.25,31.11,30.97,30.92,31.08,31.06,30.94,30.79,30.65,30.73,30.61,30.7,30.71,
34.687534,,,,,,,,,,,,,,,,,,,,,,,,,,,31.65,31.73,31.71,31.69,31.69,31.67,31.66,31.66,31.53,31.51,31.39,31.41,31.52,31.53,31.47,31.44,31.47,31.4,31.34,31.27,31.3,31.22,31.05,31.07,31.08,31.08,30.99,31.23,31.24,31.25,31.27,31.28,30.99,31.0,31.0,31.0,31.11,31.14,31.03,31.04,30.83,30.81,30.89,30.85,30.92,30.89,30.85,30.81,30.88,30.8,30.8,30.69,30.65,30.59,30.59,30.47,30.7,30.72,
34.7292,,,,,,,,,,,,,,,,,,,,,,,,,,,31.69,31.75,31.72,31.7,31.69,31.68,31.66,31.65,31.6,31.58,31.48,31.47,31.47,31.51,31.54,31.47,31.41,31.48,31.31,31.24,31.27,31.29,31.21,31.12,31.04,30.95,30.95,30.99,31.1,31.11,31.02,31.23,31.24,31.01,31.02,31.13,31.13,30.94,30.93,30.96,30.94,30.74,30.92,30.9,30.87,30.84,30.77,30.79,30.75,30.71,30.67,30.53,30.58,30.47,30.37,30.48,30.47,30.59,
34.770866,,,,,,,,,,,,,,,,,,,,,,,,,,,,31.67,31.74,31.71,31.69,31.68,31.66,31.62,31.6,31.59,31.47,31.46,31.36,31.38,31.41,31.45,31.39,31.33,31.39,31.42,31.35,31.27,31.18,31.0,30.91,30.92,30.83,30.85,30.96,30.87,30.98,30.98,30.85,31.05,30.95,30.86,30.87,30.87,30.76,30.85,30.84,30.73,30.62,30.8,30.74,30.71,30.68,30.75,30.7,30.67,30.64,30.4,30.57,30.55,30.35,30.36,30.36,30.49,
34.812534,,,,,,,,,,,,,,,,,,,,,,,,,,,,,31.75,31.73,31.71,31.69,31.67,31.63,31.42,31.41,31.48,31.47,31.35,31.28,31.32,31.45,31.39,31.42,31.46,31.39,31.24,31.15,31.07,30.98,30.89,30.9,30.9,30.93,30.84,30.63,30.82,30.81,30.81,30.8,30.8,30.82,30.62,30.72,30.82,30.81,30.8,30.79,30.57,30.72,30.7,30.67,30.64,30.71,30.77,30.62,30.6,30.38,30.55,30.52,30.54,30.44,30.34,30.49,
34.8542,,,,,,,,,,,,,,,,,,,,,,,,,,,,,,,31.73,31.7,31.69,31.66,31.64,31.43,31.51,31.5,31.4,31.32,31.34,31.37,31.4,31.44,31.36,31.29,31.21,31.13,31.06,31.07,31.08,30.96,30.97,30.88,30.69,30.59,30.58,30.68,30.67,30.57,30.57,30.58,30.48,30.69,30.78,30.77,30.76,30.75,30.7,30.68,30.65,30.64,30.6,30.77,30.73,30.59,30.45,30.43,30.51,30.5,30.5,30.41,30.53,30.45,30.7
34.895866,,,,,,,,,,,,,,,,,,,,,,,,,,,,,,,,,,31.68,31.66,31.45,31.44,31.44,31.35,31.36,31.28,31.4,31.33,31.26,31.38,31.2,31.12,31.13,31.14,31.15,31.05,30.85,30.75,30.66,30.56,30.56,30.65,30.65,30.74,30.74,30.74,30.54,30.45,30.56,30.75,30.74,30.73,30.7,30.67,30.55,30.63,30.71,30.77,30.73,30.69,30.55,30.41,30.28,30.37,30.48,30.48,30.48,30.49,30.52,
34.937534,,,,,,,,,,,,,,,,,,,,,,,,,,,,,,,,,,31.7,31.58,31.57,31.47,31.37,31.38,31.39,31.21,31.24,31.26,31.19,31.21,31.32,31.23,31.24,31.15,31.05,30.95,30.85,30.75,30.75,30.74,30.73,30.73,30.72,30.72,30.72,30.62,30.53,30.43,30.44,30.63,30.72,30.7,30.68,30.65,30.63,30.61,30.69,30.75,30.6,30.56,30.51,30.47,30.45,30.34,30.25,30.46,30.47,30.49,,
34.9792,,,,,,,,,,,,,,,,,,,,,,,,,,,,,,,,,31.72,31.61,31.6,31.6,31.4,31.5,31.41,31.33,31.25,31.27,31.3,31.22,31.24,31.25,31.15,31.16,31.16,31.06,31.05,30.95,30.85,30.84,30.83,30.81,30.8,30.79,30.7,30.6,30.41,30.42,30.42,30.53,30.62,30.72,30.79,30.67,30.65,30.62,30.79,30.77,30.54,30.48,30.43,30.49,30.44,30.41,30.5,30.2,30.32,30.45,,,
